15860059536
15037491839
15936911511
13782361719
15137436806
15939910757
18339067522
15036892988
16712385333
15137456618
13308400881
13608437298
13849577786
13832291527
15017734380
13655361725
18937257198
13607673599
19993220505
13526488796
13158499809
13903992980
18658560066
15117119676
15036892988
17789279394
13414962821
15975989006
15936911511
15939286874
18850208407
13453515825
18632201800
17343052231
18475313031
15860059536
18936460310
13071781481
13385617505
15869778028
13725297628
13556364469
17722403306
15993491512
13608437298
18658560066
15088382724
15978462087
13598992126
13695967886
15732039558
15327291275
13663741128
15727351559
